[DASH_CAM]
POS=-0.338725,1.04799,-0.0979264
EXP=33
