[HEADER]
VERSION=4

[BASIC]
WHEELBASE=2.56	
CG_LOCATION=0.615

[ARB]
FRONT=18000
REAR=17000

[FRONT]
TYPE=STRUT
BASEY=-0.15
TRACK=1.536
ROD_LENGTH=0.080
HUB_MASS=65
STRUT_CAR=0.2218178,0.40218,-0.050329
STRUT_TYRE=0.08464232,-0.16402,0.01798
WBCAR_BOTTOM_FRONT=0.438,-0.16775,0.26073
WBCAR_BOTTOM_REAR=0.41057,-0.15672,-0.04708789
WBTYRE_BOTTOM=0.08492007,-0.16402,0.01798
WBCAR_STEER=0.4113025,-0.1633201,-0.1164476
WBTYRE_STEER=0.09625687,-0.1694632,-0.09193859
TOE_OUT=-0.00045
STATIC_CAMBER=-4.8
SPRING_RATE=80000
PROGRESSIVE_SPRING_RATE=0
BUMP_STOP_RATE=50000
BUMPSTOP_UP=0.080
BUMPSTOP_DN=0.080
PACKER_RANGE=0.130
DAMP_BUMP=2100
DAMP_FAST_BUMP=1400
DAMP_FAST_BUMPTHRESHOLD=0.100
DAMP_REBOUND=3100
DAMP_FAST_REBOUND=3000
DAMP_FAST_REBOUNDTHRESHOLD=0.120

[REAR]
TYPE=DWB
BASEY=-0.160
TRACK=1.572
ROD_LENGTH=0.060
HUB_MASS=57
RIM_OFFSET=-0.00
WBCAR_TOP_FRONT=0.34842, 0.09371, 0.2214
WBCAR_TOP_REAR=0.3980, 0.08541, 0.0308
WBCAR_BOTTOM_FRONT=0.47702, -0.11686, 0.3042
WBCAR_BOTTOM_REAR=0.57702, -0.11686, -0.1154
WBTYRE_TOP=0.06622, 0.1007, -0.0065
WBTYRE_BOTTOM=0.04602, -0.12706, 0.0187
WBCAR_STEER=0.58002, -0.09806, -0.1054
WBTYRE_STEER=0.07202, -0.10406, -0.0954
TOE_OUT=-0.00050
STATIC_CAMBER=-3.4
SPRING_RATE=80000
PROGRESSIVE_SPRING_RATE=0
BUMP_STOP_RATE=50000
BUMPSTOP_UP=0.085
BUMPSTOP_DN=-0.00
PACKER_RANGE=0.120
DAMP_BUMP=2000
DAMP_FAST_BUMP=1350
DAMP_FAST_BUMPTHRESHOLD=0.100					
DAMP_REBOUND=2800
DAMP_FAST_REBOUND=2800
DAMP_FAST_REBOUNDTHRESHOLD=0.120


[GRAPHICS_OFFSETS]
WHEEL_LF=-0.0
SUSP_LF=-0.0
WHEEL_RF=0.0
SUSP_RF=0.0
WHEEL_LR=0.0
SUSP_LR=0.0
WHEEL_RR=-0.0
SUSP_RR=-0.0

[DAMAGE]
MIN_VELOCITY=40
GAIN=0.0004
MAX_DAMAGE=0.05
DEBUG_LOG=1

