[DASH_CAM]
POS=0.251802,0.863064,0.00329609
EXP=25
